25,284
25,283
25,359
25,358
25,282
25,281
25,357
25,356
25,355
25,354
25,280
25,353
25,352
25,351
25,279
25,350
25,349
25,348
25,347
25,278
25,346
25,345
25,344
25,277
25,343
25,342
25,341
25,276
25,340
25,339
25,338
25,337
25,275
25,336
25,335
25,334
25,274
25,333
25,332
25,331
25,330
25,273
25,329
25,328
25,327
25,272
25,326
25,325
25,324
25,323
25,271
25,322
25,321
25,320
25,270
25,255
25,254
25,253
25,269
25,252
25,251
25,250
25,249
25,268
25,248
25,247
25,246
25,267
25,245
25,244
25,243
25,242
25,266
25,241
25,240
25,239
25,265
25,238
25,237
25,236
25,264
25,235
25,234
25,233
25,232
25,263
25,231
25,230
25,229
25,262
25,228
25,227
25,226
25,225
25,261
25,224
25,223
25,222
25,260
25,221
25,220
25,219
25,259
25,218
25,217
25,216
25,215
25,258
25,214
25,213
25,212
25,257
25,211
25,210
25,209
25,208
25,256
25,207
25,206
25,205
25,132
25,204
25,203
25,202
25,131
25,201
25,200
25,199
25,198
25,130
25,197
25,196
25,195
25,129
25,194
25,193
25,192
25,127
25,128
25,126
25,125
25,124
25,63
25,123
25,122
25,121
25,62
25,120
25,119
25,118
25,117
25,61
25,116
25,115
25,114
25,60
25,113
25,112
25,111
25,110
25,59
25,109
25,108
25,107
25,58
25,106
25,105
25,104
25,57
25,103
25,102
25,101
25,100
25,56
25,99
25,98
25,97
25,55
25,96
25,95
25,94
25,93
25,54
25,92
25,91
25,90
25,53
25,89
25,88
25,87
25,86
25,52
25,85
25,84
25,83
25,51
25,82
25,81
25,80
25,79
25,50
25,78
25,77
25,76
25,49
25,75
25,74
25,73
25,72
25,48
25,71
25,70
25,69
25,47
25,68
25,67
25,66
25,44
25,65
25,64
25,46
25,45
25,40
25,43
25,42
25,41
25,35
25,39
25,38
25,37
25,36
25,31
25,34
25,33
25,32
25,26
25,30
25,29
25,28
25,27
25,22
25,25
25,24
0,447
0,446
0,445
0,444
25,23
25,18
0,443
0,442
25,21
0,441
25,20
0,440
25,19
25,13
25,17
25,16
0,439
25,15
0,438
25,14
25,11
25,12
25,10
25,4
25,9
25,8
25,7
25,6
25,5
24,19
24,18
24,17
24,16
24,15
24,4
24,14
24,12
24,13
24,11
24,5
24,10
24,9
24,8
24,7
24,6
25,3
25,2
25,1
25,0
24,3
24,2
24,1
24,0
23,4
23,3
23,2
23,1
23,0
22,4
22,3
22,2
22,1
22,0
21,3
21,2
21,1
21,0
20,3
20,2
20,1
20,0
19,3
19,2
19,1
19,0
4,3
4,2
4,1
4,0
3,6
3,5
3,4
3,3
3,2
3,1
3,0
2,3
2,2
2,1
2,0
1,2
1,1
1,0
0,408
0,322
0,243
0,0
0,1
1,3
0,9
0,310
0,305
0,308
0,304
0,303
0,302
0,307
0,12
0,10
0,8
0,437
0,300
0,436
0,299
0,435
0,298
0,434
0,297
0,433
0,296
0,432
0,295
0,431
0,294
0,430
0,293
0,429
0,292
0,428
0,291
0,427
0,290
0,426
0,289
0,425
0,288
0,424
0,287
0,423
0,286
0,422
0,285
0,421
0,284
0,420
0,283
0,419
0,282
0,418
0,281
0,280
0,279
0,415
0,278
0,277
0,276
0,275
0,411
0,274
0,410
0,273
0,409
0,272
0,407
0,271
0,406
0,270
0,269
0,404
0,268
0,267
0,402
0,266
0,401
0,265
0,400
0,264
0,399
0,263
0,398
0,262
0,397
0,261
0,396
0,260
0,395
0,259
0,394
0,258
0,393
0,257
0,392
0,256
0,391
0,255
0,390
0,254
0,389
0,253
0,388
0,252
0,387
0,251
0,386
0,250
0,385
0,249
0,384
0,248
0,383
0,247
0,246
0,245
0,380
0,244
0,379
0,242
0,378
0,241
0,377
0,240
0,239
0,375
0,238
0,374
0,237
0,236
0,372
0,235
0,371
0,234
0,370
0,233
0,369
0,232
0,368
0,231
0,367
0,230
0,366
0,229
0,365
0,228
0,364
0,227
0,363
0,226
0,362
0,225
0,361
0,224
0,360
0,223
0,359
0,222
0,358
0,221
0,220
0,356
0,219
0,355
0,218
0,354
0,217
0,353
0,216
0,352
0,215
0,351
0,214
0,350
0,213
0,212
0,211
0,347
0,210
0,209
0,345
0,208
0,344
0,207
0,343
0,206
0,342
0,205
0,341
0,204
0,340
0,203
0,339
0,202
0,338
0,201
0,337
0,200
0,336
0,199
0,335
0,198
0,334
0,197
0,333
0,196
0,332
0,195
0,331
0,194
0,330
0,193
0,329
0,192
0,328
0,63
0,327
0,62
0,326
0,61
0,325
0,60
0,324
0,59
0,321
0,58
0,320
0,57
0,319
0,56
0,318
0,55
0,317
0,54
0,323
0,53
0,316
0,52
0,315
0,51
0,314
0,50
0,313
0,49
0,312
0,48
0,311
0,47
0,309
0,46
0,306
0,45
0,301
0,6
0,5
0,11
0,4
0,2
0,3
0,7
